coal,Installed Capacity,0,999999999,,,,,,,,,,,,,,,,,,,,,,,,,,,,,,,,,,,,,,,,,
,Max Growth Amount,3712,3712,,,,,,,,,,,,,,,,,,,,,,,,,,,,,,,,,,,,,,,,,
natural gas nonpeaker,Installed Capacity,0,999999999,,,,,,,,,,,,,,,,,,,,,,,,,,,,,,,,,,,,,,,,,
,Max Growth Amount,3163,3163,,,,,,,,,,,,,,,,,,,,,,,,,,,,,,,,,,,,,,,,,
nuclear,Installed Capacity,0,999999999,,,,,,,,,,,,,,,,,,,,,,,,,,,,,,,,,,,,,,,,,
,Max Growth Amount,1466,1466,,,,,,,,,,,,,,,,,,,,,,,,,,,,,,,,,,,,,,,,,
hydro,Installed Capacity,0,999999999,,,,,,,,,,,,,,,,,,,,,,,,,,,,,,,,,,,,,,,,,
,Max Growth Amount,623,623,,,,,,,,,,,,,,,,,,,,,,,,,,,,,,,,,,,,,,,,,
wind,Installed Capacity,0,31998,56219,79044,100517,120684,139588,157275,173788,189173,203473,216733,228998,240313,250720,260266,268995,276951,284178,290722,296626,301935,306694,310946,314738,318112,321115,323789,326180,328331,330289,332096,333798,335439,337064,338716,340441,342283,344287,346496,348956,351711,
,Max Growth Amount,26065,24221,22825,21474,20167,18904,17687,16513,15385,14300,13260,12265,11314,10408,9546,8729,7956,7227,6543,5904,5309,4759,4253,3791,3375,3002,2674,2391,2152,1957,1807,1702,1641,1625,1653,1725,1842,2004,2210,2460,2755,3085,
solar PV,Installed Capacity,0,1000,9000,50000,169000,302000,425000,532000,591000,,,,,,,,,,,,,,,,,,,,,,,,,,,,,,,,,,
,Max Growth Amount,475,1000,5200,15000,15000,15000,15000,7800,4200,,,,,,,,,,,,,,,,,,,,,,,,,,,,,,,,,,
solar thermal,Installed Capacity,0,999999999,,,,,,,,,,,,,,,,,,,,,,,,,,,,,,,,,,,,,,,,,
,Max Growth Amount,1269,1269,,,,,,,,,,,,,,,,,,,,,,,,,,,,,,,,,,,,,,,,,
biomass,Installed Capacity,0,999999999,,,,,,,,,,,,,,,,,,,,,,,,,,,,,,,,,,,,,,,,,
,Max Growth Amount,384,384,,,,,,,,,,,,,,,,,,,,,,,,,,,,,,,,,,,,,,,,,
geothermal,Installed Capacity,0,999999999,,,,,,,,,,,,,,,,,,,,,,,,,,,,,,,,,,,,,,,,,
,Max Growth Amount,94,94,,,,,,,,,,,,,,,,,,,,,,,,,,,,,,,,,,,,,,,,,
petroleum,Installed Capacity,0,999999999,,,,,,,,,,,,,,,,,,,,,,,,,,,,,,,,,,,,,,,,,
,Max Growth Amount,225,225,,,,,,,,,,,,,,,,,,,,,,,,,,,,,,,,,,,,,,,,,
natural gas peaker,Installed Capacity,0,999999999,,,,,,,,,,,,,,,,,,,,,,,,,,,,,,,,,,,,,,,,,
,Max Growth Amount,564,564,,,,,,,,,,,,,,,,,,,,,,,,,,,,,,,,,,,,,,,,,
